Selected Structure: Cubic

Cij Matrix:
[[309.61 226.27   0.     0.     0.     0.  ]
 [  0.     0.     0.     0.     0.     0.  ]
 [  0.     0.     0.     0.     0.     0.  ]
 [  0.     0.     0.   189.49   0.     0.  ]
 [  0.     0.     0.     0.     0.     0.  ]
 [  0.     0.     0.     0.     0.     0.  ]]

Error Matrix:
[[0.01 0.01 0.   0.   0.   0.  ]
 [0.   0.   0.   0.   0.   0.  ]
 [0.   0.   0.   0.   0.   0.  ]
 [0.   0.   0.   0.01 0.   0.  ]
 [0.   0.   0.   0.   0.   0.  ]
 [0.   0.   0.   0.   0.   0.  ]]
