Ghost Spectrum File
Sample : 
Scan number: 1218
Wavelength: 532
Polarization :    
Power: 0
Mirror sp. : 5
Ch. duration : 1.218
Scan amplitude : 50



0
26
19
27
21
18
37
56
89
147
201
185
114
88
83
99
70
90
100
111
96
69
41
21
21
13
15
14
18
7
8
16
18
12
9
11
10
14
11
17
16
17
35
49
49
51
32
44
29
37
41
35
28
33
41
47
42
32
44
43
46
33
35
34
44
35
38
32
27
41
35
45
50
35
42
37
47
43
39
42
46
47
37
40
37
45
37
47
34
50
47
48
45
39
44
30
40
48
71
97
194
353
650
1048
1679
2288
2662
2968
2888
2352
1737
1029
455
219
61
59
49
47
42
41
44
53
33
45
39
50
37
33
44
37
29
34
43
23
42
39
38
44
33
42
44
48
36
42
29
39
39
47
38
34
51
48
59
102
147
167
232
269
286
175
144
78
52
49
38
41
50
39
28
41
39
39
40
40
43
39
43
37
47
50
28
56
45
40
38
35
43
40
43
39
49
43
57
62
65
51
45
39
48
47
40
53
49
55
43
57
64
105
114
79
81
60
53
53
58
46
46
51
45
35
29
53
47
47
42
52
32
57
46
47
18
19
16
16
18
10
6
18
12
17
19
14
11
16
20
24
19
87
236
764
1933
5653
18909
75230
321758
1072623
2024364
1126211
168265
17018
1779
217
62
20
19
10
19
14
9
13
10
11
8
15
12
15
11
14
10
12
9
12
34
40
53
47
53
37
43
51
48
44
42
48
43
43
40
52
59
44
56
64
78
98
123
105
70
45
41
31
36
37
49
39
37
50
36
43
49
55
70
66
43
41
34
41
46
36
43
40
36
45
30
29
45
37
48
37
37
42
42
44
43
45
35
35
44
46
32
44
56
94
137
225
326
298
266
194
127
90
45
40
43
44
46
41
36
39
43
34
53
39
40
29
46
40
44
42
35
29
41
36
50
48
44
34
27
40
32
44
39
32
51
57
41
55
64
82
121
256
650
1237
1858
2512
2844
2981
2571
1857
1141
567
310
142
90
53
60
57
46
37
40
50
44
44
35
42
39
32
41
37
40
55
44
42
40
35
35
42
42
29
38
39
43
26
48
34
41
33
27
34
34
52
32
27
39
38
47
41
30
33
43
36
43
33
30
37
47
39
47
38
39
65
20
16
16
13
22
19
22
17
18
12
13
18
16
7
21
22
17
26
30
57
85
104
133
140
134
95
92
135
124
160
177
143
134
91
57
25
20
22
8
16
10
19
